# Created by Octave 4.2.1, Sun Oct 08 16:49:24 2017 PDT <brendan@Brendans-MBP-2.hitronhub.home>
# name: Theta1
# type: matrix
# rows: 30
# columns: 52
 0.02598766082762394 0.01008039744122746 0.003759375663079385 0.006826828395081814 0.005357506634002513 0.0205684024607005 -0.01763603572241743 0.006038052850567974 0.02017222478813501 0.006057851147875098 -0.01343744053883687 -0.01006860367660124 0.01465654168960991 0.01040368491707098 -0.001052234115371658 -0.02117619243970338 -0.02282242834344196 -0.01510964219820075 -0.003038704817598885 -0.0008755700556147205 -0.01613264576232335 0.003645619331574171 0.0107678710173634 -0.00955970662323752 0.008609075395411512 -0.006264377776653172 -0.01024759043679329 0.01469072800231174 -0.01435926769227369 -0.002604773686964006 0.01870118886756817 0.009104278217896142 -0.005930330813810519 -0.006386743491104649 -0.01327593232917088 0.003043377298999527 0.01627230426637982 0.009383172159913689 -0.02278236358197539 -0.0221400372854578 -0.01767023006236905 -0.003346205273937325 -0.005359322925885153 -0.005774451718328362 0.01249552726841517 -0.02089723634987215 -0.01031598165092926 0.003179625982100164 -0.01094847813661089 -0.002063437561172088 0.00664539225123374 -0.01839125910253863
 0.0368791939752823 0.01898551908403694 -0.02019960537356303 -0.02234453328708397 0.02188362414431055 0.01852889820160205 -0.01055971910698427 0.01529128081127897 -0.01960227455768659 0.01382532441664536 -0.01779094131653163 -0.01179264601140378 -0.0175746629769065 0.004463029863861332 0.002802505553185643 -0.01934549435884514 -0.001232888349973752 0.01236157196281477 -0.004775656017064716 0.02190366156223327 0.01825945831597106 -0.01980095332250396 -0.014930166064755 -0.007749736469580139 -0.01070673841009928 -0.01713182172171814 -0.009006019493261897 -0.01451952473606984 0.003983718977993158 0.01129682962165925 0.01217920889573575 -0.01603891822036519 0.01533604650785708 -0.01351981044069784 -0.001761367197957461 -0.008293003082379274 -0.0112221437842115 0.01402916481807679 -0.01567896535893603 0.001925131971789913 -0.01137037579789766 0.00760219957946061 -0.01601172026231721 -0.006011840274391131 0.008516538752940237 0.008190232637094959 -0.02118420937428584 -0.01785612786890972 -0.02198930413873878 0.006837823284174841 0.01151215405599577 -0.02141860726726613
 0.007727936100694794 -0.01077909958008922 0.01339077907149924 0.001503098377320405 0.01816896006883968 0.01908793591923877 -0.00802934760214106 0.02555060082561322 0.001844129883835188 -0.01231612245265111 -0.0159344418472596 0.004593915603910429 -0.01206696338555052 0.01811860012799833 0.02157775139182237 -0.0003862276859264512 -0.004689158211864931 0.01251264871619695 -0.002959363830806927 0.02245070198277231 0.0003946706668411123 0.01152999665349373 0.05039902106369962 0.05389324822728955 0.04035381653917445 0.01393704917859248 -0.02164999454574494 0.001135370242798579 -0.02156584817583185 -0.003012562337753322 -0.003106517829362795 -0.009323359830237051 -0.02872936863549266 -0.03159414218425509 -0.009759299712632452 0.02607435414282083 0.003093154528359802 0.006110744477393077 0.005816381908162834 0.003491345376719218 0.009772983062361944 0.03564335200631929 0.03552323327478345 0.0243264980481518 0.009963443023874648 0.03201616048663454 0.03043587813714948 0.0246457861399338 0.03060080573697932 0.004413099860617946 0.02459919916694676 0.01390103104749923
 -0.05435736573267177 -0.01018381981501458 -0.04789689449444686 0.03733109308952721 -0.08642862553148765 -0.06238137570650491 -0.1773507237384201 -0.05896389818596975 0.1189395333567867 -0.0487520180243748 -0.03400766652918852 0.06875605930839064 0.04144450704194053 -0.03024160327268588 -0.081981898830175 0.04510962958631737 0.06040663307405906 -0.07364384203534299 -0.08314353852696012 0.0994520626860816 0.01237294928399406 0.1074171992617318 0.0756126350127613 0.000135914448675134 0.116860237747113 -0.060291928271094 0.1340350248075929 -0.07592701136227199 0.07113919942430648 0.01415922572365398 0.1339424661152161 0.1041280338650781 -0.1124594312995417 -0.04050682570649977 0.06907422476581207 -0.004768398657077985 0.04331115278064706 0.09137843280222682 -0.0150386645782182 -0.06360001503853546 -0.1735813623469364 -0.03731099053652313 0.142560403529302 0.01426197837518469 0.04967012783355758 0.1152701168905603 0.05865871814857698 -0.0436587977722556 -0.09303786273015642 -0.005176184947468734 0.04930343095310387 -0.1077085252856096
 -0.06049289805937617 -0.02017434028656554 -0.0006349736344546633 -0.005066006288742595 0.001742804101778316 -0.006916753030693019 0.01900106120746189 0.01534142955179001 0.02032079285376649 0.01950275703166973 -0.004888930046170479 0.01303372475924083 -0.01186307265862644 -0.02134526311884191 -0.001738897843546973 -0.00788165910458552 0.01793716817710329 0.0004491239534348959 -0.001252283029814587 0.01033006851357089 0.003710615571704119 -0.02067651921291147 -0.01866133198813967 0.01202522126333064 -0.006971449251003401 0.001118577284098045 -0.01390940343701563 0.01389072822513734 -0.001136574408933113 -0.01370428941116993 -0.002171899531485096 -0.007229827510796648 0.01899622885827149 0.0126965574340032 -0.01606045629116054 0.003673349861634179 0.02249957265528325 0.009213047969453334 -0.002439485118963752 -0.006944283195038856 0.008789004286975882 0.01227238198186411 0.00765229999401039 0.009941730565317752 -0.01757508089347014 0.01073188725488826 0.0001558008542409143 0.01643758081551398 -0.01391845297217365 0.005634904071611439 -0.01038409291048492 0.01823003448426786
 -0.04782761927705536 0.005482667009152513 -0.008491345542580415 -0.01790278659686162 0.008610924269508002 0.008664902170349258 -0.007417143290296863 -0.01039233118078324 -0.002864937126677992 0.00805819730623345 0.008850715858135972 0.01303408827172029 0.000967698450119219 -0.02274390737672202 0.001796623687732544 -0.00861246202292131 0.01803701396034244 0.01178184366768356 0.005152741843387187 0.01660326861798811 -0.01357086510816305 0.001565759253525032 -0.01095488346177373 -0.02260000923236801 0.00229061020616808 -0.007949284711774947 9.193741161263082e-05 0.001152078890385286 -0.01374474365998791 0.0201045310089251 0.001773278725939981 0.00476886852280592 -0.01401939206533215 0.01640786617924938 0.01480845025210317 0.01543524213094954 0.01073456939636432 -0.007869115594977844 -0.01895300273623138 0.007534403115237912 -0.01419128331020806 -0.004355652708392712 0.001620754361942448 -0.02211264450231743 -0.01976870043416256 -0.01089161760861601 -0.01786240427524684 -0.001355968701703159 0.01686211169745282 -0.003345249074472974 0.008252389420921442 0.007806506039610136
 -0.06974141625352281 -0.01913240865601082 -0.01633227675351551 0.01271773842368031 0.01640872961275361 0.009222467109485318 -0.01186978964690722 -0.004499134624963399 0.003479715413803125 -0.007166070404262966 0.01559536103802733 0.007252489884740665 0.01844944887363525 0.01339625663779305 0.01641727949884525 0.00968390762254435 0.01860623786413598 0.01210856438706675 0.005124473866103911 -0.008036791997005441 0.002025031623265394 0.004745581198408308 0.01376113079319979 0.01333534334156267 -0.0163821617843125 0.008966241111338319 0.008889869616615739 0.01791047978537486 -0.003961309598090941 -0.0141087128824025 -0.01652569528887262 0.01204775551831447 -0.002799788181181271 -0.02136246544437944 0.004669799521210817 0.01066541101260024 0.01237573781289528 -0.01558608388283268 -0.01724538745054791 0.007980373895670696 0.01747923086557487 0.01292490442727682 0.00603166428586753 0.003240422831047936 0.01767566160199386 0.007801263363229138 0.01704081852366683 0.007892909371450207 0.007981917622511983 -0.0023482022504736 0.009948308821065678 -0.004811796814883425
