# Created by Octave 4.2.1, Tue Oct 10 12:44:47 2017 PDT <brendan@Brendans-MBP-2.hitronhub.home>
# name: X
# type: matrix
# rows: 101
# columns: 42
 -177 295 -657 -189 147 -617 -173 -212 -543 -223 -872 -552 -372 -765 -703 -360 -584 -689 -288 -328 -628 -234 -168 -605 -250 -136 -637 -285 -116 -685 -272 -57 -681 -217 32 -660 -209 33 -656 -200 -7 -637
 -168 -257 -520 -212 -1215 -537 -481 -925 -759 -445 -733 -720 -317 -410 -618 -239 -281 -576 -241 -161 -615 -239 0 -637 -218 79 -639 -189 41 -631 -205 -9 -644 -225 -58 -657 -225 -95 -656 -225 -111 -663
 -522 -993 -740 -472 -781 -697 -320 -402 -596 -258 -242 -577 -260 -144 -621 -257 -93 -641 -240 -20 -648 -208 63 -642 -200 31 -640 -200 -49 -633 -224 -119 -653 -212 -146 -633 -217 -144 -642 -226 -111 -648
 -505 -840 -737 -456 -644 -712 -362 -442 -642 -276 -269 -578 -249 -120 -601 -272 -80 -647 -260 -50 -671 -217 -10 -633 -186 -25 -621 -199 -63 -633 -200 -89 -640 -225 -113 -653 -233 -104 -656 -232 -81 -642
 -281 -986 -538 -520 -897 -733 -535 -793 -759 -404 -506 -657 -293 -360 -585 -253 -244 -578 -207 -64 -592 -194 19 -617 -189 39 -633 -180 15 -644 -168 -40 -633 -173 -93 -625 -205 -153 -653 -221 -136 -656
 -274 -1162 -527 -480 -848 -698 -477 -689 -712 -445 -509 -673 -361 -397 -608 -306 -281 -589 -225 -65 -568 -205 15 -592 -224 28 -626 -240 -13 -656 -237 -61 -642 -225 -104 -631 -244 -116 -655 -273 -111 -674
 -225 -618 -509 -327 -1184 -591 -489 -881 -714 -413 -690 -656 -301 -497 -584 -253 -408 -578 -253 -301 -601 -225 -57 -604 -210 48 -625 -234 -4 -672 -237 -89 -671 -225 -143 -657 -208 -136 -640 -200 -106 -648
 -164 -954 -505 -400 -904 -695 -472 -754 -729 -383 -634 -644 -292 -461 -584 -263 -303 -570 -237 -138 -592 -239 -93 -633 -241 -80 -660 -217 -63 -649 -189 -64 -629 -196 -82 -648 -208 -71 -669 -208 -82 -660
 -210 -288 -541 -221 -1172 -500 -445 -986 -685 -527 -713 -740 -404 -519 -621 -320 -434 -562 -308 -266 -605 -308 -121 -637 -233 -25 -616 -196 -39 -594 -205 -72 -632 -221 -125 -648 -248 -168 -665 -228 -144 -650
 -168 -159 -529 -164 -1129 -497 -388 -906 -687 -447 -519 -733 -345 -305 -634 -314 -362 -618 -308 -313 -628 -296 -146 -628 -225 12 -609 -221 19 -621 -225 3 -634 -233 -93 -655 -241 -144 -657 -228 -127 -650
 -272 -1092 -592 -424 -898 -724 -381 -648 -672 -308 -521 -602 -250 -337 -580 -263 -178 -601 -244 7 -621 -228 79 -631 -221 46 -640 -232 -40 -644 -244 -121 -653 -269 -144 -673 -248 -100 -660 -233 -80 -648
 -461 -729 -744 -346 -576 -633 -276 -429 -584 -265 -335 -589 -272 -157 -616 -253 -64 -625 -237 -31 -633 -226 -9 -634 -228 -29 -656 -231 -104 -648 -228 -185 -640 -237 -175 -657 -232 -136 -656 -217 -121 -633
 -434 -857 -717 -424 -672 -689 -336 -484 -616 -260 -337 -570 -266 -255 -602 -266 -185 -616 -232 -57 -625 -225 -1 -637 -228 -25 -650 -242 -116 -665 -231 -159 -647 -217 -177 -644 -225 -157 -653 -223 -111 -642
 -520 -769 -761 -360 -497 -621 -308 -418 -576 -288 -354 -580 -305 -217 -612 -256 15 -609 -223 92 -618 -212 62 -633 -225 -72 -644 -226 -145 -640 -248 -146 -663 -247 -95 -669 -232 -97 -656 -232 -136 -653
 -153 -212 -509 -207 -1065 -509 -489 -936 -737 -512 -666 -737 -420 -489 -647 -308 -377 -568 -290 -264 -573 -281 -40 -609 -260 33 -628 -269 -4 -664 -260 -109 -644 -255 -205 -626 -249 -148 -644 -253 -113 -672
 -564 -857 -793 -416 -669 -665 -285 -484 -578 -244 -385 -564 -241 -240 -601 -218 -113 -610 -185 -33 -617 -192 -17 -634 -196 -96 -628 -226 -193 -642 -255 -201 -676 -241 -157 -672 -194 -121 -631 -177 -113 -624
 -465 -738 -701 -354 -647 -607 -241 -386 -543 -216 -148 -569 -232 -89 -616 -241 -82 -644 -239 -56 -648 -223 7 -642 -228 -15 -648 -239 -68 -656 -249 -125 -665 -244 -141 -658 -221 -98 -628 -207 -93 -623
 -160 -584 -484 -281 -959 -576 -477 -845 -737 -452 -712 -705 -308 -521 -589 -264 -425 -568 -264 -241 -600 -255 -25 -623 -228 51 -642 -240 32 -655 -237 -96 -644 -248 -144 -648 -241 -113 -655 -221 -68 -648
 -372 -628 -656 -461 -653 -743 -409 -666 -697 -289 -573 -601 -185 -321 -545 -180 -137 -569 -200 -32 -617 -224 -57 -649 -241 -77 -672 -221 -72 -653 -225 -77 -665 -225 -106 -660 -224 -151 -649 -225 -173 -642
 -273 -417 -592 -232 -264 -576 -228 -122 -609 -232 -87 -637 -225 -89 -656 -212 -95 -648 -193 -49 -641 -186 -32 -644 -196 -41 -644 -221 -80 -657 -232 -146 -657 -237 -144 -649 -232 -127 -644 -225 -98 -637
 -167 -728 -484 -365 -857 -644 -529 -698 -785 -436 -591 -695 -285 -449 -573 -249 -377 -573 -272 -297 -609 -264 -157 -616 -237 -84 -624 -218 -31 -626 -234 -13 -648 -248 -20 -669 -233 -97 -656 -228 -144 -637
 -509 -680 -775 -512 -561 -753 -349 -434 -609 -297 -340 -576 -280 -136 -593 -281 -40 -621 -260 -26 -640 -242 -41 -637 -228 -109 -633 -228 -103 -633 -225 -103 -640 -232 -96 -649 -241 -97 -669 -247 -97 -669
 -186 -353 -528 -305 -800 -609 -493 -717 -753 -434 -665 -695 -314 -495 -602 -269 -365 -576 -253 -200 -601 -249 -136 -625 -232 -57 -647 -208 7 -640 -178 28 -632 -192 -49 -653 -209 -106 -671 -205 -97 -660
 -441 -865 -706 -473 -761 -729 -361 -576 -628 -244 -370 -564 -194 -249 -580 -208 -216 -628 -194 -72 -648 -160 30 -639 -148 -16 -640 -169 -121 -648 -194 -157 -666 -175 -121 -644 -164 -89 -644 -162 -57 -640
 -217 -916 -552 -416 -847 -714 -434 -737 -721 -320 -537 -625 -258 -372 -584 -224 -210 -591 -233 -161 -628 -217 -97 -641 -196 -77 -640 -173 -68 -642 -183 -84 -653 -178 -97 -642 -185 -121 -649 -183 -106 -653
 -244 -872 -601 -392 -781 -712 -375 -706 -689 -296 -536 -607 -264 -370 -593 -241 -191 -605 -232 -116 -634 -201 -64 -648 -177 -40 -639 -162 -20 -641 -157 -24 -644 -153 -64 -640 -170 -79 -658 -173 -72 -658
 -416 -669 -705 -336 -584 -618 -285 -463 -589 -271 -288 -605 -244 -153 -623 -201 -16 -625 -184 -1 -633 -170 -80 -633 -183 -173 -639 -194 -185 -655 -194 -148 -644 -193 -106 -642 -212 -93 -672 -200 -61 -660
 -521 -804 -800 -487 -644 -729 -296 -385 -570 -202 -215 -548 -200 -199 -609 -226 -223 -648 -217 -144 -645 -189 -80 -642 -152 -23 -637 -154 -49 -642 -152 -119 -634 -168 -144 -648 -189 -97 -656 -185 -97 -648
 -392 -775 -689 -452 -672 -743 -393 -522 -669 -272 -369 -592 -249 -320 -601 -209 -160 -609 -202 -80 -626 -183 -64 -634 -183 -109 -640 -183 -160 -648 -178 -132 -648 -169 -116 -625 -177 -133 -637 -225 -113 -680
 -497 -959 -769 -653 -808 -849 -356 -525 -617 -234 -431 -559 -160 -420 -548 -193 -340 -592 -186 -95 -616 -159 24 -626 -168 24 -650 -170 7 -649 -200 -52 -669 -221 -74 -685 -185 -97 -644 -168 -97 -626
 -362 -1009 -676 -532 -848 -800 -338 -568 -623 -241 -388 -580 -205 -321 -562 -231 -193 -620 -231 -80 -641 -217 -25 -656 -205 -45 -648 -193 -90 -642 -193 -128 -639 -193 -120 -641 -193 -57 -655 -208 -61 -665
 -473 -927 -738 -464 -784 -717 -320 -680 -607 -193 -481 -537 -153 -260 -532 -159 -32 -596 -192 -16 -650 -216 -80 -673 -216 -125 -665 -185 -127 -633 -201 -97 -649 -194 -93 -648 -199 -143 -653 -196 -168 -641
 -177 556 -569 -274 819 -669 -416 728 -808 -346 504 -728 -241 280 -644 -193 120 -601 -152 35 -575 -173 -164 -601 -192 -249 -625 -234 -153 -665 -244 -61 -672 -226 -32 -657 -212 -84 -648 -232 -103 -665
 -392 1020 -753 -473 632 -820 -349 428 -705 -237 211 -615 -167 57 -568 -145 -71 -568 -200 -98 -642 -221 -111 -666 -185 -180 -649 -161 -193 -633 -183 -170 -655 -199 -144 -665 -196 -81 -660 -169 -34 -637
 -130 -121 -553 -234 860 -585 -477 936 -794 -601 287 -865 -369 152 -672 -225 291 -618 -189 307 -609 -154 126 -609 -159 -23 -625 -136 -128 -616 -148 -111 -653 -136 -148 -647 -144 -136 -649 -157 -61 -656
 -441 560 -769 -481 511 -808 -369 462 -724 -200 352 -609 -135 220 -580 -135 127 -594 -162 17 -628 -200 16 -669 -236 32 -697 -196 -36 -658 -168 -39 -640 -165 -39 -648 -164 -57 -650 -135 -89 -623
 -417 812 -792 -290 729 -698 -153 432 -592 -113 232 -576 -119 48 -596 -168 -13 -641 -176 -114 -656 -192 -132 -674 -189 -64 -665 -164 24 -648 -151 19 -637 -151 -57 -633 -168 -170 -632 -205 -57 -656
 -481 649 -820 -288 526 -672 -143 399 -568 -105 368 -537 -184 326 -605 -264 313 -687 -285 222 -720 -200 -185 -633 -89 -450 -559 -136 -276 -616 -178 -104 -647 -185 -20 -648 -178 -61 -633 -217 -132 -648
